ELVIS/kriging_ordinario.asc
NCOLS          100       
NROWS          100       
XLLCENTER      150000.00 
YLLCENTER      160000.00 
DX             1000.00   
DY             600.00    
NODATA_VALUE   -999.00   
[rows 34 to 67 of 100, columns 0 to 76 of 100]
-0.24 -0.24 -0.24 -0.24 -0.24 -0.24 -0.24 -0.24 -0.24 -0.22 -0.18 -0.14 -0.08 -0.04 -0.02 -0.04 -0.08 -0.13 -0.18 -0.22 -0.24 -0.24 -0.24 -0.24 -0.24 -0.24 -0.24 -0.24 -0.24 -0.24 -0.24 -0.24 -0.24 -0.23 -0.22 -0.20 -0.18 -0.18 -0.19 -0.20 -0.22 -0.22 -0.23 -0.23 -0.24 -0.24 -0.25 -0.26 -0.27 -0.28 -0.28 -0.29 -0.28 -0.28 -0.27 -0.27 -0.27 -0.27 -0.27 -0.28 -0.28 -0.27 -0.26 -0.25 -0.25 -0.24 -0.24 -0.24 -0.24 -0.24 -0.24 -0.24 -0.24 -0.24 -0.24 -0.24 -0.24
-0.24 -0.24 -0.24 -0.24 -0.24 -0.24 -0.24 -0.24 -0.24 -0.23 -0.20 -0.16 -0.12 -0.08 -0.07 -0.08 -0.11 -0.15 -0.20 -0.23 -0.24 -0.24 -0.24 -0.24 -0.24 -0.24 -0.24 -0.24 -0.24 -0.24 -0.24 -0.24 -0.24 -0.24 -0.23 -0.22 -0.21 -0.21 -0.21 -0.21 -0.22 -0.22 -0.23 -0.23 -0.24 -0.24 -0.24 -0.25 -0.25 -0.26 -0.27 -0.28 -0.28 -0.28 -0.27 -0.27 -0.27 -0.27 -0.27 -0.27 -0.27 -0.26 -0.26 -0.25 -0.24 -0.24 -0.24 -0.24 -0.24 -0.24 -0.24 -0.24 -0.24 -0.24 -0.24 -0.24 -0.24
-0.24 -0.24 -0.24 -0.24 -0.24 -0.24 -0.24 -0.24 -0.24 -0.23 -0.21 -0.18 -0.15 -0.12 -0.11 -0.12 -0.15 -0.18 -0.21 -0.23 -0.24 -0.24 -0.24 -0.24 -0.24 -0.24 -0.24 -0.24 -0.24 -0.24 -0.24 -0.24 -0.24 -0.24 -0.24 -0.23 -0.23 -0.22 -0.22 -0.21 -0.21 -0.22 -0.22 -0.23 -0.24 -0.24 -0.24 -0.24 -0.25 -0.25 -0.26 -0.27 -0.28 -0.28 -0.28 -0.28 -0.27 -0.27 -0.27 -0.26 -0.26 -0.26 -0.25 -0.25 -0.24 -0.24 -0.24 -0.24 -0.24 -0.24 -0.24 -0.24 -0.24 -0.24 -0.24 -0.24 -0.24
-0.24 -0.24 -0.24 -0.24 -0.24 -0.24 -0.24 -0.24 -0.24 -0.24 -0.23 -0.21 -0.18 -0.16 -0.15 -0.16 -0.18 -0.20 -0.22 -0.24 -0.24 -0.24 -0.24 -0.24 -0.24 -0.24 -0.23 -0.23 -0.23 -0.23 -0.24 -0.24 -0.24 -0.24 -0.24 -0.23 -0.23 -0.22 -0.21 -0.21 -0.21 -0.22 -0.22 -0.23 -0.23 -0.24 -0.24 -0.24 -0.24 -0.25 -0.26 -0.27 -0.28 -0.29 -0.29 -0.29 -0.28 -0.27 -0.26 -0.26 -0.26 -0.25 -0.25 -0.24 -0.24 -0.24 -0.24 -0.24 -0.24 -0.24 -0.24 -0.24 -0.24 -0.24 -0.24 -0.24 -0.24
-0.24 -0.24 -0.24 -0.24 -0.24 -0.24 -0.24 -0.24 -0.24 -0.24 -0.24 -0.22 -0.21 -0.19 -0.19 -0.19 -0.20 -0.22 -0.23 -0.24 -0.24 -0.24 -0.24 -0.24 -0.24 -0.23 -0.21 -0.20 -0.20 -0.21 -0.22 -0.24 -0.24 -0.24 -0.24 -0.23 -0.23 -0.22 -0.21 -0.21 -0.21 -0.22 -0.22 -0.23 -0.23 -0.24 -0.24 -0.24 -0.24 -0.25 -0.26 -0.27 -0.29 -0.30 -0.31 -0.31 -0.30 -0.28 -0.27 -0.26 -0.25 -0.25 -0.25 -0.24 -0.24 -0.24 -0.24 -0.24 -0.24 -0.24 -0.24 -0.24 -0.24 -0.24 -0.24 -0.24 -0.24
-0.24 -0.24 -0.24 -0.24 -0.24 -0.24 -0.24 -0.24 -0.24 -0.24 -0.24 -0.23 -0.22 -0.22 -0.21 -0.22 -0.22 -0.23 -0.24 -0.24 -0.24 -0.24 -0.24 -0.24 -0.23 -0.20 -0.18 -0.16 -0.16 -0.17 -0.20 -0.22 -0.24 -0.24 -0.24 -0.23 -0.23 -0.22 -0.21 -0.21 -0.21 -0.22 -0.22 -0.23 -0.23 -0.24 -0.24 -0.24 -0.24 -0.25 -0.26 -0.28 -0.30 -0.32 -0.33 -0.33 -0.31 -0.29 -0.27 -0.26 -0.25 -0.25 -0.25 -0.25 -0.24 -0.24 -0.24 -0.24 -0.24 -0.24 -0.24 -0.24 -0.24 -0.24 -0.24 -0.24 -0.24
-0.24 -0.24 -0.24 -0.24 -0.24 -0.24 -0.24 -0.24 -0.24 -0.24 -0.24 -0.24 -0.24 -0.23 -0.23 -0.23 -0.24 -0.24 -0.24 -0.24 -0.24 -0.24 -0.24 -0.23 -0.21 -0.17 -0.14 -0.11 -0.11 -0.13 -0.16 -0.20 -0.23 -0.24 -0.24 -0.23 -0.23 -0.22 -0.22 -0.21 -0.21 -0.22 -0.22 -0.23 -0.24 -0.24 -0.24 -0.24 -0.24 -0.25 -0.26 -0.28 -0.31 -0.34 -0.36 -0.35 -0.33 -0.31 -0.29 -0.27 -0.26 -0.26 -0.26 -0.26 -0.25 -0.24 -0.24 -0.24 -0.24 -0.24 -0.24 -0.24 -0.24 -0.23 -0.23 -0.22 -0.23
-0.24 -0.24 -0.24 -0.24 -0.24 -0.24 -0.24 -0.24 -0.24 -0.24 -0.24 -0.24 -0.24 -0.24 -0.24 -0.24 -0.24 -0.24 -0.24 -0.24 -0.24 -0.24 -0.24 -0.22 -0.18 -0.13 -0.09 -0.06 -0.05 -0.08 -0.12 -0.17 -0.21 -0.24 -0.24 -0.24 -0.23 -0.23 -0.22 -0.22 -0.22 -0.22 -0.23 -0.23 -0.24 -0.24 -0.24 -0.24 -0.24 -0.24 -0.25 -0.28 -0.31 -0.35 -0.38 -0.37 -0.36 -0.33 -0.31 -0.29 -0.27 -0.27 -0.27 -0.27 -0.26 -0.25 -0.24 -0.24 -0.24 -0.24 -0.24 -0.24 -0.23 -0.22 -0.21 -0.21 -0.21
-0.24 -0.24 -0.24 -0.24 -0.24 -0.24 -0.24 -0.24 -0.24 -0.24 -0.24 -0.24 -0.24 -0.24 -0.24 -0.24 -0.24 -0.24 -0.24 -0.24 -0.24 -0.24 -0.24 -0.21 -0.15 -0.09 -0.03 0.01 0.02 -0.02 -0.08 -0.14 -0.20 -0.23 -0.24 -0.24 -0.23 -0.23 -0.22 -0.22 -0.22 -0.23 -0.23 -0.23 -0.24 -0.24 -0.24 -0.23 -0.23 -0.23 -0.24 -0.27 -0.31 -0.36 -0.39 -0.40 -0.38 -0.35 -0.33 -0.31 -0.29 -0.29 -0.29 -0.28 -0.27 -0.26 -0.24 -0.24 -0.24 -0.24 -0.24 -0.23 -0.21 -0.20 -0.19 -0.19 -0.20
-0.24 -0.24 -0.24 -0.24 -0.24 -0.24 -0.24 -0.24 -0.24 -0.24 -0.24 -0.24 -0.24 -0.24 -0.24 -0.24 -0.24 -0.24 -0.24 -0.24 -0.24 -0.24 -0.23 -0.18 -0.11 -0.03 0.04 0.09 0.09 0.04 -0.03 -0.11 -0.18 -0.22 -0.24 -0.24 -0.23 -0.23 -0.23 -0.23 -0.23 -0.23 -0.23 -0.24 -0.24 -0.24 -0.23 -0.22 -0.22 -0.21 -0.22 -0.26 -0.31 -0.36 -0.40 -0.42 -0.40 -0.38 -0.35 -0.33 -0.31 -0.31 -0.30 -0.30 -0.28 -0.26 -0.25 -0.24 -0.23 -0.23 -0.23 -0.22 -0.20 -0.18 -0.17 -0.16 -0.17
-0.24 -0.24 -0.24 -0.24 -0.24 -0.24 -0.24 -0.24 -0.24 -0.24 -0.24 -0.24 -0.24 -0.24 -0.24 -0.24 -0.24 -0.24 -0.24 -0.24 -0.24 -0.24 -0.22 -0.16 -0.07 0.02 0.11 0.17 0.17 0.10 0.00 -0.09 -0.16 -0.22 -0.24 -0.24 -0.24 -0.23 -0.23 -0.23 -0.23 -0.23 -0.23 -0.24 -0.24 -0.24 -0.23 -0.21 -0.20 -0.19 -0.21 -0.24 -0.30 -0.36 -0.41 -0.44 -0.43 -0.40 -0.37 -0.35 -0.33 -0.33 -0.32 -0.31 -0.29 -0.27 -0.25 -0.24 -0.23 -0.23 -0.22 -0.21 -0.18 -0.16 -0.14 -0.14 -0.15
-0.24 -0.24 -0.24 -0.24 -0.24 -0.24 -0.24 -0.24 -0.24 -0.24 -0.24 -0.24 -0.24 -0.24 -0.24 -0.24 -0.24 -0.24 -0.24 -0.24 -0.24 -0.23 -0.20 -0.13 -0.03 0.07 0.18 0.25 0.24 0.14 0.02 -0.08 -0.16 -0.21 -0.24 -0.24 -0.24 -0.24 -0.23 -0.23 -0.23 -0.23 -0.24 -0.24 -0.24 -0.23 -0.22 -0.20 -0.18 -0.17 -0.18 -0.22 -0.28 -0.35 -0.41 -0.46 -0.46 -0.43 -0.39 -0.37 -0.35 -0.35 -0.34 -0.33 -0.30 -0.28 -0.26 -0.24 -0.23 -0.23 -0.22 -0.19 -0.16 -0.13 -0.11 -0.11 -0.12
-0.24 -0.24 -0.24 -0.24 -0.24 -0.24 -0.24 -0.24 -0.24 -0.24 -0.24 -0.24 -0.24 -0.24 -0.24 -0.24 -0.24 -0.24 -0.24 -0.24 -0.24 -0.23 -0.19 -0.11 -0.00 0.12 0.23 0.32 0.32 0.17 0.03 -0.08 -0.17 -0.22 -0.24 -0.24 -0.24 -0.24 -0.24 -0.24 -0.24 -0.24 -0.24 -0.24 -0.24 -0.23 -0.21 -0.19 -0.17 -0.15 -0.16 -0.20 -0.26 -0.34 -0.41 -0.48 -0.48 -0.44 -0.40 -0.38 -0.37 -0.37 -0.36 -0.34 -0.31 -0.28 -0.26 -0.24 -0.23 -0.23 -0.21 -0.18 -0.15 -0.11 -0.08 -0.07 -0.09
-0.24 -0.24 -0.24 -0.24 -0.24 -0.24 -0.24 -0.24 -0.24 -0.24 -0.24 -0.24 -0.24 -0.24 -0.24 -0.24 -0.24 -0.24 -0.24 -0.24 -0.23 -0.22 -0.17 -0.09 0.03 0.14 0.25 0.36 0.35 0.17 0.02 -0.10 -0.18 -0.23 -0.25 -0.24 -0.24 -0.24 -0.24 -0.24 -0.24 -0.24 -0.24 -0.24 -0.24 -0.23 -0.21 -0.18 -0.15 -0.13 -0.13 -0.17 -0.24 -0.32 -0.40 -0.48 -0.49 -0.45 -0.41 -0.39 -0.38 -0.38 -0.38 -0.35 -0.32 -0.29 -0.26 -0.24 -0.23 -0.22 -0.20 -0.17 -0.13 -0.09 -0.05 -0.04 -0.07
-0.24 -0.24 -0.24 -0.24 -0.24 -0.24 -0.24 -0.24 -0.24 -0.24 -0.24 -0.24 -0.24 -0.24 -0.24 -0.24 -0.24 -0.24 -0.24 -0.24 -0.23 -0.21 -0.16 -0.07 0.04 0.15 0.25 0.32 0.29 0.13 -0.02 -0.13 -0.20 -0.24 -0.25 -0.24 -0.24 -0.24 -0.24 -0.24 -0.24 -0.24 -0.24 -0.24 -0.24 -0.22 -0.20 -0.17 -0.14 -0.10 -0.10 -0.15 -0.23 -0.31 -0.39 -0.46 -0.47 -0.44 -0.40 -0.39 -0.38 -0.39 -0.39 -0.36 -0.32 -0.29 -0.26 -0.24 -0.23 -0.22 -0.20 -0.17 -0.12 -0.07 -0.02 -0.00 -0.05
-0.24 -0.24 -0.24 -0.24 -0.24 -0.24 -0.24 -0.24 -0.24 -0.24 -0.24 -0.24 -0.24 -0.24 -0.24 -0.24 -0.24 -0.24 -0.24 -0.24 -0.23 -0.20 -0.15 -0.06 0.05 0.15 0.22 0.25 0.20 0.06 -0.07 -0.17 -0.23 -0.26 -0.26 -0.25 -0.24 -0.24 -0.24 -0.24 -0.24 -0.24 -0.24 -0.24 -0.24 -0.22 -0.20 -0.16 -0.13 -0.09 -0.08 -0.14 -0.23 -0.31 -0.39 -0.43 -0.44 -0.42 -0.39 -0.38 -0.37 -0.38 -0.38 -0.35 -0.32 -0.29 -0.26 -0.24 -0.23 -0.22 -0.20 -0.16 -0.12 -0.07 -0.01 0.02 -0.04
-0.24 -0.24 -0.24 -0.24 -0.24 -0.24 -0.24 -0.24 -0.24 -0.24 -0.24 -0.24 -0.24 -0.24 -0.24 -0.24 -0.24 -0.24 -0.24 -0.24 -0.22 -0.20 -0.15 -0.06 0.05 0.14 0.18 0.17 0.10 -0.02 -0.14 -0.22 -0.27 -0.28 -0.27 -0.25 -0.24 -0.24 -0.24 -0.24 -0.24 -0.24 -0.24 -0.24 -0.24 -0.22 -0.20 -0.16 -0.12 -0.09 -0.07 -0.16 -0.25 -0.33 -0.39 -0.42 -0.42 -0.39 -0.37 -0.36 -0.36 -0.36 -0.36 -0.34 -0.31 -0.28 -0.26 -0.24 -0.23 -0.22 -0.20 -0.17 -0.12 -0.07 -0.02 -0.00 -0.05
-0.24 -0.24 -0.24 -0.24 -0.24 -0.24 -0.24 -0.24 -0.24 -0.24 -0.24 -0.24 -0.24 -0.24 -0.24 -0.24 -0.24 -0.24 -0.24 -0.24 -0.22 -0.19 -0.15 -0.06 0.04 0.12 0.13 0.09 0.00 -0.12 -0.22 -0.28 -0.30 -0.30 -0.28 -0.25 -0.24 -0.24 -0.24 -0.24 -0.24 -0.24 -0.24 -0.24 -0.24 -0.22 -0.20 -0.16 -0.13 -0.11 -0.12 -0.20 -0.29 -0.37 -0.41 -0.43 -0.41 -0.37 -0.35 -0.34 -0.34 -0.34 -0.34 -0.32 -0.30 -0.28 -0.25 -0.24 -0.23 -0.22 -0.20 -0.17 -0.13 -0.09 -0.05 -0.03 -0.06
-0.24 -0.24 -0.24 -0.24 -0.24 -0.24 -0.24 -0.24 -0.24 -0.24 -0.24 -0.24 -0.24 -0.24 -0.24 -0.24 -0.24 -0.24 -0.24 -0.24 -0.22 -0.19 -0.15 -0.08 0.01 0.10 0.07 0.01 -0.09 -0.21 -0.30 -0.33 -0.33 -0.32 -0.28 -0.25 -0.24 -0.24 -0.24 -0.24 -0.24 -0.24 -0.24 -0.24 -0.24 -0.22 -0.20 -0.17 -0.15 -0.15 -0.19 -0.26 -0.35 -0.41 -0.45 -0.44 -0.41 -0.36 -0.33 -0.32 -0.32 -0.32 -0.32 -0.31 -0.29 -0.27 -0.25 -0.24 -0.23 -0.22 -0.20 -0.18 -0.14 -0.11 -0.07 -0.04 -0.05
-0.24 -0.24 -0.24 -0.24 -0.24 -0.24 -0.24 -0.24 -0.24 -0.24 -0.24 -0.24 -0.24 -0.24 -0.24 -0.24 -0.24 -0.24 -0.24 -0.24 -0.22 -0.19 -0.16 -0.10 -0.03 0.02 -0.00 -0.07 -0.17 -0.29 -0.36 -0.37 -0.35 -0.32 -0.28 -0.25 -0.24 -0.24 -0.24 -0.24 -0.24 -0.24 -0.24 -0.24 -0.24 -0.23 -0.21 -0.18 -0.18 -0.20 -0.26 -0.34 -0.42 -0.48 -0.49 -0.47 -0.42 -0.35 -0.31 -0.30 -0.29 -0.30 -0.30 -0.29 -0.28 -0.26 -0.25 -0.23 -0.22 -0.21 -0.20 -0.18 -0.15 -0.12 -0.07 -0.03 -0.02
-0.24 -0.24 -0.24 -0.24 -0.24 -0.24 -0.24 -0.24 -0.24 -0.24 -0.24 -0.24 -0.24 -0.24 -0.24 -0.24 -0.24 -0.24 -0.24 -0.24 -0.22 -0.20 -0.16 -0.12 -0.08 -0.05 -0.08 -0.15 -0.24 -0.34 -0.39 -0.39 -0.36 -0.32 -0.28 -0.25 -0.24 -0.24 -0.24 -0.24 -0.24 -0.24 -0.24 -0.24 -0.24 -0.23 -0.21 -0.20 -0.21 -0.26 -0.33 -0.42 -0.50 -0.55 -0.55 -0.50 -0.43 -0.35 -0.30 -0.28 -0.28 -0.28 -0.28 -0.28 -0.27 -0.25 -0.24 -0.22 -0.20 -0.20 -0.19 -0.17 -0.16 -0.11 -0.05 -0.00 0.02
-0.24 -0.24 -0.24 -0.24 -0.24 -0.24 -0.24 -0.24 -0.24 -0.24 -0.24 -0.24 -0.24 -0.24 -0.24 -0.24 -0.24 -0.24 -0.24 -0.24 -0.23 -0.20 -0.17 -0.14 -0.12 -0.12 -0.15 -0.21 -0.29 -0.36 -0.40 -0.40 -0.36 -0.31 -0.28 -0.25 -0.24 -0.24 -0.24 -0.24 -0.24 -0.24 -0.24 -0.24 -0.24 -0.23 -0.22 -0.22 -0.25 -0.31 -0.40 -0.50 -0.59 -0.64 -0.61 -0.54 -0.45 -0.35 -0.29 -0.26 -0.26 -0.27 -0.27 -0.26 -0.26 -0.24 -0.22 -0.20 -0.19 -0.18 -0.17 -0.16 -0.14 -0.09 -0.02 0.04 0.08
-0.24 -0.24 -0.24 -0.24 -0.24 -0.24 -0.24 -0.24 -0.24 -0.24 -0.24 -0.24 -0.24 -0.24 -0.24 -0.24 -0.24 -0.24 -0.24 -0.24 -0.23 -0.21 -0.19 -0.17 -0.16 -0.17 -0.21 -0.27 -0.33 -0.38 -0.41 -0.39 -0.35 -0.30 -0.27 -0.25 -0.24 -0.24 -0.24 -0.24 -0.24 -0.24 -0.24 -0.24 -0.24 -0.24 -0.23 -0.23 -0.28 -0.35 -0.46 -0.58 -0.69 -0.73 -0.67 -0.57 -0.46 -0.36 -0.28 -0.24 -0.24 -0.25 -0.25 -0.25 -0.25 -0.23 -0.21 -0.19 -0.16 -0.15 -0.14 -0.15 -0.12 -0.05 0.03 0.11 0.16
-0.24 -0.24 -0.24 -0.24 -0.24 -0.24 -0.24 -0.24 -0.24 -0.24 -0.24 -0.24 -0.24 -0.24 -0.24 -0.24 -0.24 -0.24 -0.24 -0.24 -0.23 -0.22 -0.20 -0.19 -0.19 -0.21 -0.26 -0.31 -0.36 -0.39 -0.40 -0.37 -0.33 -0.29 -0.26 -0.24 -0.24 -0.24 -0.24 -0.24 -0.24 -0.24 -0.24 -0.24 -0.24 -0.24 -0.23 -0.25 -0.30 -0.39 -0.50 -0.64 -0.78 -0.82 -0.72 -0.60 -0.47 -0.36 -0.27 -0.23 -0.22 -0.23 -0.23 -0.24 -0.24 -0.22 -0.20 -0.17 -0.14 -0.12 -0.11 -0.12 -0.08 -0.01 0.08 0.18 0.25
-0.24 -0.24 -0.24 -0.24 -0.24 -0.24 -0.24 -0.24 -0.24 -0.24 -0.24 -0.24 -0.24 -0.24 -0.24 -0.24 -0.24 -0.24 -0.24 -0.24 -0.24 -0.23 -0.22 -0.21 -0.21 -0.24 -0.28 -0.33 -0.37 -0.39 -0.38 -0.35 -0.32 -0.28 -0.25 -0.24 -0.24 -0.24 -0.24 -0.24 -0.24 -0.24 -0.24 -0.24 -0.24 -0.24 -0.24 -0.26 -0.32 -0.41 -0.53 -0.68 -0.84 -0.90 -0.75 -0.61 -0.47 -0.35 -0.26 -0.21 -0.20 -0.21 -0.22 -0.23 -0.23 -0.22 -0.18 -0.15 -0.11 -0.08 -0.08 -0.08 -0.04 0.04 0.14 0.26 0.35
-0.24 -0.24 -0.24 -0.24 -0.24 -0.24 -0.24 -0.24 -0.24 -0.24 -0.24 -0.24 -0.24 -0.24 -0.24 -0.24 -0.24 -0.24 -0.24 -0.24 -0.24 -0.23 -0.23 -0.23 -0.24 -0.26 -0.30 -0.35 -0.38 -0.38 -0.37 -0.33 -0.30 -0.27 -0.25 -0.24 -0.24 -0.24 -0.24 -0.24 -0.24 -0.24 -0.24 -0.24 -0.24 -0.24 -0.24 -0.26 -0.32 -0.42 -0.54 -0.68 -0.82 -0.87 -0.74 -0.60 -0.46 -0.34 -0.24 -0.19 -0.18 -0.19 -0.20 -0.21 -0.22 -0.21 -0.17 -0.13 -0.08 -0.05 -0.04 -0.04 -0.01 0.08 0.20 0.34 0.46
-0.24 -0.24 -0.24 -0.24 -0.24 -0.24 -0.24 -0.24 -0.24 -0.24 -0.24 -0.24 -0.24 -0.24 -0.24 -0.24 -0.24 -0.24 -0.24 -0.24 -0.24 -0.24 -0.24 -0.25 -0.26 -0.28 -0.32 -0.36 -0.38 -0.37 -0.35 -0.32 -0.28 -0.26 -0.24 -0.24 -0.24 -0.24 -0.24 -0.24 -0.24 -0.24 -0.24 -0.24 -0.24 -0.24 -0.24 -0.26 -0.32 -0.41 -0.52 -0.65 -0.76 -0.78 -0.70 -0.57 -0.43 -0.31 -0.22 -0.17 -0.16 -0.16 -0.18 -0.20 -0.21 -0.20 -0.16 -0.11 -0.06 -0.01 -0.00 -0.01 0.03 0.11 0.24 0.40 0.57
-0.24 -0.24 -0.24 -0.24 -0.24 -0.24 -0.24 -0.24 -0.24 -0.24 -0.24 -0.24 -0.24 -0.24 -0.24 -0.24 -0.24 -0.24 -0.24 -0.24 -0.24 -0.24 -0.25 -0.26 -0.27 -0.29 -0.33 -0.37 -0.38 -0.36 -0.33 -0.30 -0.27 -0.25 -0.24 -0.24 -0.24 -0.25 -0.25 -0.25 -0.25 -0.24 -0.24 -0.24 -0.24 -0.24 -0.24 -0.26 -0.31 -0.39 -0.49 -0.60 -0.68 -0.69 -0.63 -0.52 -0.40 -0.28 -0.19 -0.14 -0.13 -0.14 -0.16 -0.19 -0.20 -0.19 -0.15 -0.10 -0.04 0.02 0.03 0.01 0.05 0.13 0.27 0.44 0.65
-0.24 -0.24 -0.24 -0.24 -0.24 -0.24 -0.24 -0.24 -0.24 -0.24 -0.24 -0.24 -0.24 -0.24 -0.24 -0.24 -0.24 -0.24 -0.24 -0.24 -0.24 -0.24 -0.25 -0.26 -0.28 -0.30 -0.33 -0.36 -0.36 -0.34 -0.32 -0.29 -0.27 -0.25 -0.24 -0.24 -0.25 -0.25 -0.26 -0.26 -0.26 -0.25 -0.24 -0.24 -0.24 -0.24 -0.24 -0.25 -0.29 -0.36 -0.45 -0.53 -0.60 -0.61 -0.56 -0.47 -0.35 -0.24 -0.15 -0.10 -0.10 -0.11 -0.14 -0.17 -0.19 -0.18 -0.15 -0.10 -0.04 0.03 0.05 0.02 0.05 0.13 0.26 0.43 0.62
-0.24 -0.24 -0.24 -0.24 -0.24 -0.24 -0.24 -0.24 -0.24 -0.24 -0.24 -0.24 -0.24 -0.24 -0.24 -0.24 -0.24 -0.24 -0.24 -0.24 -0.24 -0.24 -0.25 -0.26 -0.28 -0.30 -0.32 -0.34 -0.34 -0.33 -0.31 -0.29 -0.27 -0.25 -0.24 -0.25 -0.26 -0.26 -0.27 -0.27 -0.27 -0.26 -0.25 -0.24 -0.24 -0.24 -0.24 -0.24 -0.27 -0.33 -0.40 -0.47 -0.52 -0.53 -0.49 -0.40 -0.30 -0.20 -0.12 -0.07 -0.06 -0.08 -0.12 -0.16 -0.18 -0.18 -0.15 -0.10 -0.04 0.01 0.02 0.00 0.03 0.11 0.23 0.38 0.53
-0.24 -0.24 -0.24 -0.24 -0.24 -0.24 -0.24 -0.24 -0.24 -0.24 -0.24 -0.24 -0.24 -0.24 -0.24 -0.24 -0.24 -0.24 -0.24 -0.24 -0.24 -0.24 -0.25 -0.26 -0.27 -0.29 -0.31 -0.33 -0.33 -0.33 -0.32 -0.30 -0.28 -0.26 -0.25 -0.25 -0.26 -0.28 -0.29 -0.29 -0.28 -0.27 -0.26 -0.25 -0.24 -0.24 -0.24 -0.24 -0.26 -0.30 -0.36 -0.41 -0.45 -0.45 -0.42 -0.34 -0.25 -0.16 -0.08 -0.04 -0.02 -0.05 -0.10 -0.15 -0.18 -0.18 -0.16 -0.11 -0.06 -0.02 -0.02 -0.03 -0.00 0.07 0.18 0.31 0.41
-0.24 -0.24 -0.24 -0.24 -0.24 -0.24 -0.24 -0.24 -0.24 -0.24 -0.24 -0.24 -0.24 -0.24 -0.24 -0.24 -0.24 -0.24 -0.24 -0.24 -0.24 -0.24 -0.24 -0.25 -0.27 -0.28 -0.30 -0.32 -0.33 -0.34 -0.33 -0.32 -0.30 -0.28 -0.27 -0.27 -0.27 -0.29 -0.30 -0.30 -0.30 -0.28 -0.27 -0.25 -0.24 -0.24 -0.24 -0.24 -0.25 -0.27 -0.32 -0.35 -0.38 -0.38 -0.35 -0.29 -0.21 -0.13 -0.06 -0.01 0.02 -0.03 -0.09 -0.14 -0.18 -0.18 -0.17 -0.13 -0.09 -0.06 -0.05 -0.06 -0.04 0.03 0.12 0.22 0.30
-0.24 -0.24 -0.24 -0.24 -0.24 -0.24 -0.24 -0.24 -0.24 -0.24 -0.24 -0.24 -0.24 -0.24 -0.24 -0.24 -0.24 -0.24 -0.24 -0.24 -0.24 -0.24 -0.24 -0.25 -0.26 -0.27 -0.29 -0.31 -0.33 -0.35 -0.35 -0.34 -0.32 -0.30 -0.29 -0.28 -0.29 -0.31 -0.32 -0.32 -0.31 -0.30 -0.28 -0.26 -0.25 -0.24 -0.24 -0.24 -0.24 -0.25 -0.28 -0.31 -0.33 -0.33 -0.30 -0.24 -0.17 -0.10 -0.05 -0.00 0.02 -0.03 -0.09 -0.14 -0.18 -0.19 -0.18 -0.15 -0.11 -0.09 -0.09 -0.10 -0.08 -0.03 0.05 0.13 0.19
-0.24 -0.24 -0.24 -0.24 -0.24 -0.24 -0.24 -0.24 -0.24 -0.24 -0.24 -0.24 -0.24 -0.24 -0.24 -0.24 -0.24 -0.24 -0.24 -0.24 -0.24 -0.24 -0.24 -0.25 -0.25 -0.26 -0.28 -0.31 -0.34 -0.36 -0.37 -0.37 -0.35 -0.32 -0.30 -0.30 -0.30 -0.32 -0.34 -0.34 -0.33 -0.31 -0.28 -0.26 -0.25 -0.24 -0.24 -0.24 -0.24 -0.24 -0.25 -0.27 -0.28 -0.28 -0.26 -0.21 -0.15 -0.09 -0.05 -0.01 0.00 -0.04 -0.09 -0.14 -0.18 -0.20 -0.19 -0.16 -0.14 -0.12 -0.12 -0.13 -0.12 -0.08 -0.01 0.05 0.10
